intrinsics: [458.654, 457.296, 367.215, 248.375]

